     0     0 32896 
     0     0 34268 
     0     0 35639
     0     0 37011
     0     0 38383
     0     0 39754
     0     0 41230
     0     0 42754
     0     0 44126
     0     0 45498
     0     0 46869
     0     0 48241
     0     0 49613
     0     0 50984
     0     0 52356
     0     0 53727
     0     0 55099
     0     0 56508
     0     0 58099
     0     0 59471
     0     0 60843
     0     0 62214
     0     0 63586
     0     0 64957
  1588  1588 65535
  4331  4331 65535
  7268  7268 65535
 10075 10075 65535
 12818 12818 65535
 15561 15561 65535
 18311 18311 65535
 21305 21305 65535
 24048 24048 65535
 26792 26792 65535
 29535 29535 65535
 32370 32370 65535
 35278 35278 65535
 38022 38022 65535
 40765 40765 65535
 43508 43508 65535
 46430 46430 65535
 49252 49252 65535
 51995 51995 65535
 54738 54738 65535
 57481 57481 65535
 65535 57481 57481
 65535 54738 54738
 65535 51995 51995
 65535 49252 49252
 65535 46430 46430
 65535 43508 43508
 65535 40765 40765
 65535 38022 38022
 65535 35278 35278
 65535 32370 32370
 65535 29535 29535
 65535 26792 26792
 65535 24048 24048
 65535 21305 21305
 65535 18311 18311
 65535 15561 15561
 65535 12818 12818
 65535 10075 10075
 65535  7268  7268
 65535  4331  4331
 65535  1588  1588
 64957     0     0
 63586     0     0
 62214     0     0
 60843     0     0
 59471     0     0
 58099     0     0
 56508     0     0
 55099     0     0
 53727     0     0
 52356     0     0
 50984     0     0
 49613     0     0
 48241     0     0
 46869     0     0
 45498     0     0
 44126     0     0
 42754     0     0
 41230     0     0
 39754     0     0
 38383     0     0
 37011     0     0
 35639     0     0
 34268     0     0
 32896     0     0
